[[1,2,15,16,12,14,3,5,13,7,10,4,8,11,6,9],
[1,2,15,16,13,14,3,4,12,7,10,5,8,11,6,9],
[1,2,16,15,13,14,4,3,12,7,9,6,8,11,5,10],
[1,3,14,16,15,13,4,2,10,6,11,7,8,12,5,9],
[1,3,14,16,15,13,4,2,12,8,9,5,6,10,7,11],
[1,3,16,14,8,15,2,9,13,6,11,4,12,10,5,7],
[1,3,16,14,12,15,2,5,13,10,7,4,8,6,9,11],
[1,3,16,14,13,15,2,4,8,6,11,9,12,10,5,7],
[1,3,16,14,13,15,2,4,12,10,7,5,8,6,9,11],
[1,4,13,16,8,15,2,9,14,5,12,3,11,10,7,6],
[1,4,13,16,12,15,2,5,14,9,8,3,7,6,11,10],
[1,4,13,16,14,15,2,3,8,5,12,9,11,10,7,6],
[1,4,13,16,14,15,2,3,12,9,8,5,7,6,11,10],
[1,4,13,16,15,14,3,2,8,5,12,9,10,11,6,7],
[1,4,13,16,15,14,3,2,12,9,8,5,6,7,10,11],
[1,4,14,15,13,16,2,3,8,5,11,10,12,9,7,6],
[1,4,14,15,13,16,2,3,12,9,7,6,8,5,11,10],
[1,4,14,15,16,11,5,2,9,6,12,7,8,13,3,10],
[1,4,14,15,16,13,3,2,7,6,12,9,10,11,5,8],
[1,4,14,15,16,13,3,2,11,10,8,5,6,7,9,12],
[1,4,15,14,9,12,7,6,16,5,10,3,8,13,2,11],
[1,4,15,14,13,16,3,2,8,5,10,11,12,9,6,7],
[1,4,15,14,13,16,3,2,12,9,6,7,8,5,10,11],
[1,4,15,14,16,13,2,3,6,7,12,9,11,10,5,8],
[1,4,15,14,16,13,2,3,10,11,8,5,7,6,9,12],
[1,4,16,13,14,15,3,2,7,6,10,11,12,9,5,8],
[1,4,16,13,14,15,3,2,11,10,6,7,8,5,9,12],
[1,4,16,13,15,14,2,3,6,7,11,10,12,9,5,8],
[1,4,16,13,15,14,2,3,10,11,7,6,8,5,9,12],
[1,5,12,16,15,11,6,2,10,4,13,7,8,14,3,9],
[1,5,16,12,15,14,3,2,10,11,6,7,8,4,9,13],
[1,6,11,16,7,15,2,10,14,4,13,3,12,9,8,5],
[1,6,11,16,8,15,2,9,12,3,14,5,13,10,7,4],
[1,6,11,16,12,10,7,5,13,3,14,4,8,15,2,9],
[1,6,11,16,12,15,2,5,8,3,14,9,13,10,7,4],
[1,6,11,16,12,15,2,5,14,9,8,3,7,4,13,10],
[1,6,11,16,13,10,7,4,12,3,14,5,8,15,2,9],
[1,6,11,16,14,15,2,3,7,4,13,10,12,9,8,5],
[1,6,11,16,14,15,2,3,12,9,8,5,7,4,13,10],
[1,6,11,16,15,12,5,2,8,3,14,9,10,13,4,7],
[1,6,12,15,11,16,2,5,8,3,13,10,14,9,7,4],
[1,6,12,15,11,16,2,5,14,9,7,4,8,3,13,10],
[1,6,12,15,16,11,5,2,7,4,14,9,10,13,3,8],
[1,6,15,12,11,16,5,2,8,3,10,13,14,9,4,7],
[1,6,15,12,11,16,5,2,14,9,4,7,8,3,10,13],
[1,6,15,12,16,11,2,5,10,13,8,3,7,4,9,14],
[1,6,16,11,12,15,5,2,7,4,10,13,14,9,3,8],
[1,6,16,11,12,15,5,2,13,10,4,7,8,3,9,14],
[1,6,16,11,15,12,2,5,10,13,7,4,8,3,9,14],
[1,7,14,12,8,13,2,11,9,4,15,6,16,10,3,5],
[1,7,14,12,9,15,4,6,16,10,5,3,8,2,11,13],
[1,7,16,10,11,13,4,6,14,12,5,3,8,2,9,15],
[1,10,7,16,12,15,2,5,8,3,14,9,13,6,11,4],
[1,10,7,16,14,15,2,3,8,5,12,9,11,4,13,6],
[1,11,6,16,15,14,3,2,8,5,12,9,10,4,13,7],
[1,12,5,16,15,13,4,2,10,6,11,7,8,3,14,9],
[1,12,7,14,15,6,9,4,10,3,16,5,8,13,2,11],
[1,12,15,6,14,7,4,9,8,13,10,3,11,2,5,16],
[1,13,4,16,15,8,9,2,12,3,14,5,6,10,7,11],
[1,13,4,16,15,12,5,2,8,3,14,9,10,6,11,7],
[1,14,3,16,15,9,8,2,12,4,13,5,6,7,10,11],
[1,14,3,16,15,11,6,2,10,4,13,7,8,5,12,9],
[1,14,4,15,16,11,5,2,9,6,12,7,8,3,13,10],
[1,14,7,12,15,4,9,6,10,5,16,3,8,11,2,13],
[2,1,15,16,14,13,3,4,11,8,10,5,7,12,6,9],
[2,1,16,15,14,13,4,3,11,8,9,6,7,12,5,10],
[2,3,13,16,10,11,5,8,15,6,12,1,7,14,4,9],
[2,3,14,15,7,13,4,10,16,6,11,1,9,12,5,8],
[2,3,16,13,10,11,8,5,15,6,9,4,7,14,1,12],
[2,4,15,13,5,14,3,12,16,7,10,1,11,9,6,8],
[2,4,15,13,9,14,3,8,16,11,6,1,7,5,10,12],
[2,5,12,15,7,11,6,10,16,4,13,1,9,14,3,8],
[2,5,12,15,11,9,8,6,14,4,13,3,7,16,1,10],
[2,6,15,11,9,13,4,8,16,12,5,1,7,3,10,14],
[2,8,11,13,9,15,4,6,16,10,5,3,7,1,14,12],
[2,8,13,11,9,15,6,4,16,10,3,5,7,1,12,14],
[2,8,15,9,11,12,5,6,14,13,4,3,7,1,10,16],
[2,8,15,9,11,13,6,4,14,12,3,5,7,1,10,16],
[2,8,15,9,13,11,4,6,12,14,5,3,7,1,10,16],
[2,9,8,15,11,7,10,6,16,4,13,1,5,14,3,12],
[2,11,8,13,15,4,9,6,10,5,16,3,7,14,1,12],
[2,11,13,8,16,5,3,10,7,14,12,1,9,4,6,15],
[2,12,15,5,13,7,4,10,8,14,9,3,11,1,6,16],
[2,13,11,8,16,3,5,10,7,12,14,1,9,6,4,15],
[3,1,16,14,13,15,4,2,8,6,9,11,10,12,5,7],
[3,1,16,14,13,15,4,2,12,10,5,7,6,8,9,11],
[3,2,13,16,11,10,5,8,14,7,12,1,6,15,4,9],
[3,2,15,14,6,13,4,11,16,7,10,1,9,12,5,8],
[3,2,15,14,10,13,4,7,16,11,6,1,5,8,9,12],
[3,2,16,13,11,10,8,5,14,7,9,4,6,15,1,12],
[3,5,12,14,6,10,7,11,16,4,13,1,9,15,2,8],
[3,7,14,10,9,12,5,8,16,13,4,1,6,2,11,15],
[3,8,9,14,10,13,4,7,16,11,6,1,5,2,15,12],
[3,8,9,14,13,15,4,2,12,10,5,7,6,1,16,11],
[3,8,13,10,14,9,4,7,12,15,6,1,5,2,11,16],
[3,9,8,14,10,6,11,7,16,4,13,1,5,15,2,12],
[3,10,7,14,13,4,9,8,12,5,16,1,6,15,2,11],
[3,10,8,13,16,5,11,2,9,4,14,7,6,15,1,12],
[3,13,8,10,16,2,11,5,9,7,14,4,6,12,1,15],
[3,13,10,8,16,2,5,11,6,12,15,1,9,7,4,14],
[3,14,5,12,15,2,9,8,10,7,16,1,6,11,4,13],
[3,14,8,9,15,2,12,5,10,7,13,4,6,11,1,16],
[3,14,9,8,15,2,5,12,6,11,16,1,10,7,4,13],
[3,14,12,5,15,2,8,9,6,11,13,4,10,7,1,16],
[4,1,14,15,13,11,8,2,12,6,9,7,5,16,3,10],
[4,1,15,14,8,11,5,10,13,6,12,3,9,16,2,7],
[4,1,15,14,12,9,7,6,13,8,10,3,5,16,2,11],
[4,1,16,13,11,15,6,2,14,10,3,7,5,8,9,12],
[4,1,16,13,15,12,5,2,6,7,10,11,9,14,3,8],
[4,6,13,11,9,15,8,2,16,10,1,7,5,3,12,14],
[4,6,15,9,11,13,8,2,14,12,1,7,5,3,10,16],
[4,7,13,10,9,14,8,3,16,11,1,6,5,2,12,15],
[4,7,14,9,10,13,8,3,15,12,1,6,5,2,11,16],
[4,8,9,13,11,15,6,2,14,10,3,7,5,1,16,12],
[4,8,13,9,15,11,6,2,10,14,3,7,5,1,12,16],
[4,11,6,13,15,2,9,8,10,7,16,1,5,14,3,12],
[4,13,8,9,15,3,14,2,10,6,11,7,5,12,1,16],
[4,14,3,13,15,2,9,8,10,7,16,1,5,11,6,12],
[5,2,15,12,4,11,6,13,16,7,10,1,9,14,3,8],
[5,3,14,12,4,10,7,13,16,6,11,1,9,15,2,8],
[5,11,10,8,16,2,3,13,4,14,15,1,9,7,6,12],
[5,12,9,8,15,2,3,14,4,13,16,1,10,7,6,11]]