1857 (1)
1918 (1)
1987 (2)
2010 (1)
2019 (2)
2034 (2)
2039 (1)
2077 (2)
2091 (1)
2093 (2)
2096 (1)
2105 (2)
2111 (2)
2117 (4)
2119 (2)
2121 (2)
2127 (4)
2131 (2)
2138 (2)
2141 (1)
2146 (2)
2156 (2)
2164 (2)
2166 (5)
2168 (4)
2175 (2)
2181 (1)
2183 (4)
2185 (6)
2186 (6)
2190 (1)
2192 (2)
2197 (2)
2203 (2)
2205 (2)
2211 (4)
2214 (2)
2223 (1)
2227 (2)
2231 (7)
2232 (1)
2234 (1)
2238 (2)
2242 (4)
2245 (8)
2251 (2)
2257 (2)
2262 (2)
2268 (1)
2271 (1)
2275 (5)
2281 (1)
2284 (1)
2287 (4)
2290 (1)
2291 (2)
2297 (5)
2301 (2)
2302 (2)
2308 (3)
2312 (6)
2313 (2)
2314 (2)
2317 (2)
2318 (2)
2319 (1)
2324 (2)
2325 (2)
2326 (8)
2329 (2)
2335 (4)
2337 (2)
2338 (4)
2343 (2)
2344 (2)
2348 (5)
2351 (4)
2353 (10)
2355 (2)
2357 (1)
2358 (2)
2361 (4)
2364 (2)
2365 (2)
2368 (2)
2369 (2)
2370 (2)
2371 (2)
2373 (2)
2374 (2)
2376 (2)
2379 (3)
2381 (2)
2386 (1)
2390 (7)
2394 (2)
2396 (2)
2397 (8)
2398 (4)
2400 (2)
2402 (2)
2404 (2)
2406 (4)
2408 (2)
2411 (4)
2412 (2)
2413 (5)
2419 (1)
2420 (6)
2422 (4)
2423 (2)
2424 (3)
2425 (4)
2428 (4)
2429 (6)
2434 (4)
2435 (3)
2437 (4)
2440 (2)
2444 (5)
2446 (1)
2450 (7)
2451 (4)
2453 (2)
2454 (2)
2455 (5)
2456 (2)
2457 (4)
2458 (3)
2459 (3)
2461 (2)
2462 (2)
2463 (2)
2466 (4)
2467 (2)
2470 (2)
2472 (1)
2473 (2)
2475 (2)
2478 (2)
2479 (3)
2480 (8)
2481 (1)
2482 (1)
2483 (3)
2486 (2)
2487 (2)
2488 (2)
2489 (2)
2491 (3)
2492 (6)
2495 (2)
2496 (2)
2498 (2)
2499 (6)
2501 (1)
2502 (2)
2503 (2)
2504 (4)
2505 (3)
2506 (4)
2508 (2)
2509 (12)
2510 (7)
2511 (3)
2512 (2)
2514 (4)
2515 (4)
2516 (4)
2517 (4)
2518 (2)
2519 (4)
2520 (4)
2521 (3)
2524 (2)
2525 (4)
2526 (4)
2528 (2)
2529 (4)
2530 (4)
2531 (2)
2532 (2)
2533 (8)
2534 (10)
2535 (1)
2536 (12)
2537 (1)
2538 (2)
2539 (2)
2540 (2)
2541 (9)
2542 (5)
2544 (2)
2545 (4)
2547 (10)
2548 (2)
2549 (4)
2551 (14)
2552 (9)
2554 (6)
2555 (4)
2557 (2)
2558 (2)
2559 (2)
2560 (1)
2561 (5)
2562 (5)
2563 (6)
2564 (4)
2567 (8)
2569 (2)
2570 (2)
2572 (4)
2573 (2)
2575 (1)
2578 (2)
2579 (4)
2581 (2)
2582 (2)
2583 (6)
2585 (10)
2587 (2)
2588 (2)
2589 (2)
2590 (7)
2591 (6)
2592 (1)
2593 (10)
2594 (6)
2595 (4)
2597 (7)
2598 (7)
2599 (2)
2600 (6)
2601 (6)
2602 (6)
2603 (2)
2604 (2)
2606 (8)
2607 (3)
2613 (8)
2614 (6)
2615 (4)
2617 (4)
2619 (2)
2620 (3)
2623 (4)
2624 (4)
2625 (6)
2633 (2)
2635 (1)
2636 (3)
2640 (2)
2642 (2)
2643 (4)
2655 (5)
2656 (2)
2666 (4)
2671 (2)
2678 (2)
2684 (1)
2692 (2)
2713 (2)
2735 (3)
2736 (1)
2738 (1)
2742 (3)